672
492
-572
772
-884
377
892
-657
292
-27
-866
46
776
-115
846
-822
-181
880
-593
-750
-191
340
838
361
-359
810
-971
-553
-701
-101
-518
-946
922
-456
-807
577
434
356
376
-756
-957
248
-448
-115
415
732
681
-491
24
824
717
-239
9
-345
291
-548
983
-218
895
-968
-584
896
-40
268
220
104
-65
-942
456
-291
437
800
772
-754
986
639
566
-227
877
-764
337
130
82
612
-202
640
170
738
-850
-554
948
279
-632
169
389
39
-90
160
78
556
600
653
-821
-354
236
349
49
857
-651
-746
-102
691
390
146
-910
772
192
-475
740
-251
-974
-708
644
474
-223
523
120
-197
616
305
789
-490
503
518
-589
-533
-606
356
186
-137
-44
-567
804
-31
-662
-105
521
772
213
-1001
526
175
689
-364
-834
487
359
376
-693
-991
483
-247
-554
629
-960
-516
-68
911
377
-822
-455
-235
-122
-604
724
-446
851
-941
718
-847
322
983
510
527
-155
131
821
-588
705
-170
-485
-735
4
-971
160
-300
-1
-728
295
-912
